#id arrival runtime priority
3    1    3    4      4
2    1    5    7      9
5    1    6    10     15
1    1    7    9      22
4    1    9    7      31
6    1    8    8      39
7    1    10   6      49
8    1    4    3      53
9    1    2    5      55
10   1    12   9      67
11   1    11   6      78
12   1    13   2      91
13   1    15   4      106
14   1    14   1      120
15   1    16   3      136
16   1    17   5      153
17   1    18   8      171
18   1    19   10     190
19   1    21   7      211
20   1    22   9      233
21   1    23   6      256
22   1    24   4      280
23   1    25   8      305
24   1    26   1      331
25   1    27   3      358
26   1    28   2      386
27   1    29   7      415
28   1    30   9      445
29   1    31   10     476
30   1    32   5      508
31   1    33   6      541

